%YAML:1.0
---
K: !!opencv-matrix
   rows: 3
   cols: 3
   dt: d
   data: [ 1.3699361109526044e+03, 0., 3.7232301066730946e+02, 0.,
       1.3386543469705050e+03, 4.7069855607210758e+02, 0., 0., 1. ]
D: !!opencv-matrix
   rows: 1
   cols: 5
   dt: d
   data: [ 1.7628009909478985e+00, 2.9102750495487015e+00,
       2.2700676991498819e-01, -1.7805546978472261e-01,
       -1.7003312099270389e+01 ]
